6.470000000000000000e+02	4.500000000000000000e+02
6.519980057409251231e+02	4.508975949471577565e+02
6.519920230030776338e+02	4.517951721711782511e+02
6.509821407565448226e+02	4.526793836821983632e+02
6.509682505995510837e+02	4.535724292793607901e+02
6.509503922964433968e+02	4.544654043384092006e+02
6.509285661998364958e+02	4.553582912274267187e+02
6.509027727406896702e+02	4.562510723162372415e+02
6.498736442072618047e+02	4.571081890315957708e+02
6.488408849960520683e+02	4.579562839307559443e+02
6.498025807687386077e+02	4.588841835951146777e+02
6.497611309845085543e+02	4.597719265137450861e+02
6.547086303111323105e+02	4.609259633964328486e+02
6.536597273658193217e+02	4.617777523016968644e+02
6.536053818152532813e+02	4.626826060360220367e+02
6.545447955384813667e+02	4.636538133179281544e+02
6.554795785815183535e+02	4.646336183482290494e+02
6.544153767320293582e+02	4.654710618737855725e+02
6.553414153419720378e+02	4.664591356199441066e+02
6.582555656168710811e+02	4.676243975669272004e+02
6.521988735107602224e+02	4.680170905248211284e+02
6.521168176377107102e+02	4.689153912992665028e+02
6.560116728303731861e+02	4.702037288051313908e+02
6.559198629019706459e+02	4.711189503156192586e+02
6.558239870571793517e+02	4.720337548294901353e+02
6.557240471890809204e+02	4.729481242838013486e+02
6.556200452710022546e+02	4.738620406242006879e+02
6.535263603288766490e+02	4.745361091308354275e+02
6.544075937068349731e+02	4.755643430383314580e+02
6.572671054298316449e+02	4.768579039900553198e+02
6.571457150178582651e+02	4.777786383708824474e+02
6.570202344848750045e+02	4.786988242586238016e+02
6.559007588142135319e+02	4.794767284434871613e+02
6.567570130471126504e+02	4.805374778892438599e+02
6.595851042871371419e+02	4.819074295572338542e+02
6.604291836647811351e+02	4.829933123856000634e+02
6.573188019358705105e+02	4.834501773369782995e+02
6.561816031399872600e+02	4.842074045584402597e+02
6.609564547801661547e+02	4.859635118777869138e+02
6.607945668179488621e+02	4.869005501318516167e+02
6.557072896622224789e+02	4.869528209995189059e+02
6.555410574887494022e+02	4.878665246148441952e+02
6.563534021266754053e+02	4.889650283041935950e+02
6.610872275438050565e+02	4.908311445819226151e+02
6.609037087730995381e+02	4.917687158738644371e+02
6.607160256792737982e+02	4.927054624366906523e+02
6.605241819681568813e+02	4.936413657742098167e+02
6.613064520390211101e+02	4.947837395343540265e+02
6.611053675928309303e+02	4.957222459366960265e+02
6.609001148417390823e+02	4.966598495469204408e+02
6.606906978384897684e+02	4.975965318519132552e+02
6.624259829469217493e+02	4.989816472674625061e+02
6.631796569711092388e+02	5.001541010654182742e+02
6.629546906188268167e+02	5.011008781083039594e+02
6.627255194465019486e+02	5.020466461572302137e+02
6.576407290755175836e+02	5.017815375301611311e+02
6.593469838271278149e+02	5.031962438757122982e+02
6.591085374319154653e+02	5.041259602509293813e+02
6.627338503476299820e+02	5.060741376774726632e+02
6.615167525606424306e+02	5.067596986091360804e+02
6.612624503929343973e+02	5.076990212566292371e+02
6.610039768187027676e+02	5.086372046289070568e+02
6.597790477317658997e+02	5.093022017529998493e+02
6.643188197089156120e+02	5.116152864034351637e+02
6.621232464931320010e+02	5.120058730864584504e+02
6.618456267550833445e+02	5.129478389203784445e+02
6.625211264670861055e+02	5.141776503555620366e+02
6.651018774559477151e+02	5.160013811592339152e+02
6.638517786733373214e+02	5.166589585745979321e+02
6.635534657018043845e+02	5.176085592713545793e+02
6.632509360873315245e+02	5.185568250276867275e+02
6.629441958034080926e+02	5.195037371199550762e+02
6.616839953222588520e+02	5.201347711510195495e+02
6.623181075367485846e+02	5.213934255517526708e+02
6.619987719162127178e+02	5.223361645791204637e+02
6.645101867390035295e+02	5.242588700775726238e+02
6.641780967615292184e+02	5.252113214058165340e+02
6.638417778076875493e+02	5.261622876760382042e+02
6.635012365181431733e+02	5.271117501112760237e+02
6.650345102743492589e+02	5.287474405366344854e+02
6.646824699810283619e+02	5.297021774034111559e+02
6.643261907524208709e+02	5.306553405395882237e+02
6.639656796233093701e+02	5.316069111248265244e+02
6.673319645629019305e+02	5.339989117740792608e+02
6.669565664687546587e+02	5.349638056238586614e+02
6.600702828556004533e+02	5.333455233408972163e+02
6.596978598101204625e+02	5.342781560729413286e+02
6.658046992324073017e+02	5.378483453982499896e+02
6.654122111065386207e+02	5.388064147806454685e+02
6.650154696365428890e+02	5.397627306680054744e+02
6.636933904558948143e+02	5.403279296533717115e+02
6.660479641608255861e+02	5.424568936421868557e+02
6.656349953678737847e+02	5.434159984836487638e+02
6.652177688318886339e+02	5.443732588132025967e+02
6.638822660132320834e+02	5.449230018754412868e+02
6.643705755675100590e+02	5.462821703684252270e+02
6.639406255670655810e+02	5.472337839023691686e+02
6.625979131886060713e+02	5.477656755096078314e+02
6.630680612766120703e+02	5.491312325345846830e+02
6.581015181683681021e+02	5.479477316532669420e+02
6.576642290725333169e+02	5.488714719406484619e+02
6.581238084854587669e+02	5.502271437361558810e+02
6.630705824736518252e+02	5.537782582448691073e+02
6.608131814106768616e+02	5.538402741883371618e+02
6.612447868281093406e+02	5.552218610268163275e+02
6.607751438200828034e+02	5.561594967378021011e+02
6.611924463962295704e+02	5.575488288414881026e+02
6.633797103107895055e+02	5.598594521544847566e+02
6.620023995781737085e+02	5.603448348274462205e+02
6.615099849549294504e+02	5.612857864435773081e+02
6.654279001889708525e+02	5.645723344449733077e+02
6.649166666863628734e+02	5.655284656715512028e+02
6.635224962241222784e+02	5.660049292324239332e+02
6.638814791807133133e+02	5.674338659138414869e+02
6.624831294470293415e+02	5.678979206788525289e+02
6.619571476436090052e+02	5.688409338687025638e+02
6.614269807167712543e+02	5.697816005277522891e+02
6.617605100776772815e+02	5.712166918029112139e+02
6.620854431884660016e+02	5.726571024749564458e+02
6.606748959947858566e+02	5.730938186814680648e+02
6.627093583398461760e+02	5.755536892116313084e+02
6.630082598679550756e+02	5.770097682386111728e+02
6.624417840270347142e+02	5.779550249087965312e+02
6.610167944874617660e+02	5.783780060767276154e+02
6.612962595352719291e+02	5.798379401654345884e+02
6.598675672388455951e+02	5.802482407606669312e+02
6.592867321245710173e+02	5.811795096675468812e+02
6.587017646146056222e+02	5.821081884167281260e+02
6.589552377015593265e+02	5.835728589088547551e+02
6.583596385227820065e+02	5.845000410210183190e+02
6.569221836198178153e+02	5.848785006070515919e+02
6.571561097363537556e+02	5.863464198242834300e+02
6.565482038925464394e+02	5.872655800583783048e+02
6.584273836739641865e+02	5.898535867785525397e+02
6.578038810450748315e+02	5.907783613436539554e+02
6.580016787868451047e+02	5.922648994722665066e+02
6.590132391344271809e+02	5.943241693776020611e+02
6.575495117107484475e+02	5.946796467670206994e+02
6.577223775974945283e+02	5.961759687679336821e+02
6.554403095286664893e+02	5.959392997816753450e+02
6.539771363708907757e+02	5.962680000476215127e+02
6.565654168120038321e+02	5.995183218782336780e+02
6.550915399272753348e+02	5.998447871974824466e+02
6.552284915535323080e+02	6.013481623762301069e+02
6.529495992489418086e+02	6.010644238882666741e+02
6.506773124937938064e+02	6.007634446749882500e+02
6.539895794692484969e+02	6.046746633032028058e+02
6.533002626162568731e+02	6.055795719886160668e+02
6.533983648976991390e+02	6.070926642365658381e+02
6.550644375245202582e+02	6.098392206648672982e+02
6.551381309966570825e+02	6.113671193620260738e+02
6.497197757710443966e+02	6.085465583542063541e+02
6.490132961539985672e+02	6.094324557733489200e+02
6.537464956542037271e+02	6.147160147302973883e+02
6.530125620609570660e+02	6.156197441292736130e+02
6.515025794221971864e+02	6.158846300481184244e+02
6.546095187801217890e+02	6.199733650445475632e+02
6.523194919994232350e+02	6.195960587899828624e+02
6.508003882514972247e+02	6.198475907337162880e+02
6.477618142960109253e+02	6.187905945435056765e+02
6.477675643629030446e+02	6.203202585894143795e+02
6.470087871190000897e+02	6.211973650436843855e+02
6.462461199091412709e+02	6.220710911821242917e+02
6.447306138927096981e+02	6.222788089492389645e+02
6.469472124085914402e+02	6.258061305088225481e+02
6.461640665759692865e+02	6.266795375372561239e+02
6.446369828828171649e+02	6.268769201854045150e+02
6.504827212139746280e+02	6.338224102078952455e+02
6.496639198225731207e+02	6.347114482675209501e+02
6.481101423038122675e+02	6.349144978533680614e+02
6.429185445549169344e+02	6.316794847163887425e+02
6.428342809208232893e+02	6.332237432805831077e+02
6.405744692599837435e+02	6.326947499691098074e+02
6.426359397712944883e+02	6.363206770823630904e+02
6.418061147006451392e+02	6.371748229956234582e+02
6.438228382481219114e+02	6.408316204758592676e+02
6.422634975049072636e+02	6.409862495761946093e+02
6.414129444562892104e+02	6.418386944664021030e+02
6.398554436226947928e+02	6.419763280376770354e+02
6.418005225232371913e+02	6.456746267654883695e+02
6.409291410568793026e+02	6.465249681218197111e+02
6.407476173675427162e+02	6.480917627479888097e+02
6.398655056572303010e+02	6.489374016154936271e+02
6.410412411536069612e+02	6.519585209355856250e+02
6.367221253075130107e+02	6.491578467463569950e+02
6.358353161529623776e+02	6.499855876565321751e+02
6.349448376541973857e+02	6.508093798234101541e+02
6.347248858092018509e+02	6.523677755048399831e+02
6.371782824337949478e+02	6.568943947649005395e+02
6.362570911203067681e+02	6.577240862476032817e+02
6.346679489369837484e+02	6.578021863104610247e+02
6.357255840160319167e+02	6.608720167350420525e+02
6.328139202358210014e+02	6.594351225750133381e+02
6.331899820576606999e+02	6.617579525630949320e+02
6.322472187085259065e+02	6.625698738603538231e+02
6.287108446217654318e+02	6.603293465367474937e+02
6.303509152061113809e+02	6.641811088409012882e+02
6.319602326741173783e+02	6.680515391488468140e+02
6.309895156661706324e+02	6.688579338724666741e+02
6.293813685689764270e+02	6.688865564860506083e+02
6.277765532791552232e+02	6.689052240221408283e+02
6.255481687018269668e+02	6.681349134490737924e+02
6.276945935297391088e+02	6.728219725033884515e+02
6.267027210263208872e+02	6.736093655952142853e+02
6.232412912995000625e+02	6.712429772645489265e+02
6.216434667079838619e+02	6.712205242206637195e+02
6.249252392942655661e+02	6.775305708203711674e+02
6.239124712896211804e+02	6.783056116917337022e+02
6.228962693589955961e+02	6.790761446369779151e+02
6.230744002821932099e+02	6.814438419292230265e+02
6.220442617759564428e+02	6.822106198905772771e+02
6.216024588485147433e+02	6.837789471213004617e+02
6.199738140570143514e+02	6.837304056705321500e+02
6.183490005846687154e+02	6.836720222922358516e+02
6.167280736685704596e+02	6.836038301286341721e+02
6.191522688102169241e+02	6.892415305843785518e+02
6.180875196891776113e+02	6.899908034170066458e+02
6.170194516566383527e+02	6.907353375977774022e+02
6.153817100822911925e+02	6.906509712638970768e+02
6.148734432787839523e+02	6.922101312938779074e+02
6.149136036364420761e+02	6.945986576734272830e+02
6.143804310510291771e+02	6.961606668163658469e+02
6.132849835862286909e+02	6.968886674905210157e+02
6.127342387665262322e+02	6.984483196422934270e+02
6.094518255475159094e+02	6.958131715949423324e+02
6.083579708494044098e+02	6.965192752473103610e+02
6.077977162772033353e+02	6.980642673536420943e+02
6.061609027126266938e+02	6.979168660337120400e+02
6.055869399340642758e+02	6.994568181508652742e+02
6.060532279371730056e+02	7.026982193257181279e+02
6.049288128114873189e+02	7.033891532027823814e+02
6.084619852188875484e+02	7.117743288416361338e+02
6.062691298820651582e+02	7.107603479172058769e+02
6.056191148453433470e+02	7.123122015742917483e+02
5.998943843722782958e+02	7.052404230008555714e+02
5.977536070893191891e+02	7.041748838734761193e+02
6.011111626612829468e+02	7.126298088929650021e+02
6.014272457582742391e+02	7.159056021261365004e+02
5.997531946968632610e+02	7.157046869704848859e+02
5.971096924571771751e+02	7.137474898177322302e+02
5.959362677590329440e+02	7.143985736583384778e+02
5.947599615289450412e+02	7.150444369122626540e+02
5.964333956090034690e+02	7.209635780883052121e+02
5.947563934187151062e+02	7.207297297387306116e+02
5.935519660958929080e+02	7.213702876698250748e+02
5.895627231275834674e+02	7.166894191999626855e+02
5.902151880708723866e+02	7.208591904186562260e+02
5.894660015647353930e+02	7.223696649914326144e+02
5.882543393548611448e+02	7.229866986678121066e+02
5.870399472937897372e+02	7.235983421837846663e+02
5.862667148806458499e+02	7.251006768723711957e+02
5.854828282095836585e+02	7.266015243275649027e+02
5.842524008904142647e+02	7.272008168371072543e+02
5.825874418208971974e+02	7.268927053416000490e+02
5.834950936620525681e+02	7.319983332719535838e+02
5.822407050340634669e+02	7.325887399244595599e+02
5.809837052949251301e+02	7.331735668229155181e+02
5.813872489984298682e+02	7.373906588611129109e+02
5.805206572585254889e+02	7.388829486639917832e+02
5.780126550916902488e+02	7.367207005717863240e+02
5.767373365645720469e+02	7.372866991709124704e+02
5.746604103962342833e+02	7.360136047111088828e+02
5.733882669726610857e+02	7.365647144598988234e+02
5.721136872305618226e+02	7.371101659484675110e+02
5.716112905439775886e+02	7.394938583324839101e+02
5.703237125791646349e+02	7.400313848382043034e+02
5.682755819981982768e+02	7.387124637125793924e+02
5.669915091231358701e+02	7.392351755805148059e+02
5.657051262344224369e+02	7.397521764596019693e+02
5.644164587318675785e+02	7.402634561415867438e+02
5.642132775609711643e+02	7.435648603439801718e+02
5.636245571535810086e+02	7.459365810636674041e+02
5.626627148131299236e+02	7.473736919953332745e+02
5.616903372920536412e+02	7.488080798030523511e+02
5.603614691629949220e+02	7.493014302073836461e+02
5.586886337748236429e+02	7.488490938386165681e+02
5.563467864947660928e+02	7.465052461630934886e+02
5.553616267215350035e+02	7.479176524051434853e+02
5.553536989592774944e+02	7.521598883299998306e+02
5.553101244897654851e+02	7.564078616484082431e+02
5.536267236503637150e+02	7.559256480674530394e+02
5.522663079352878412e+02	7.563830972186372037e+02
5.505914770662003548e+02	7.558845447904161574e+02
5.479985873277825021e+02	7.525231840400979308e+02
5.484769942003889582e+02	7.586718024265524036e+02
5.471044266814409411e+02	7.591063414407226446e+02
5.457299418220561620e+02	7.595347771071059242e+02
5.443535667616297360e+02	7.599571009661799508e+02
5.432622895678568966e+02	7.613312469774937199e+02
5.415952547813067213e+02	7.607833800278700664e+02
5.404918086589999575e+02	7.621477736035017188e+02
5.391038743596749327e+02	7.625467958147951322e+02
5.379840704786779497e+02	7.639025379668075857e+02
5.365883635726879675e+02	7.642903996208029866e+02
5.354522688906054100e+02	7.656373072712534622e+02
5.350769993018330979e+02	7.698795151143565363e+02
5.336547621630021467e+02	7.702544000750833675e+02
5.309887150430528209e+02	7.657797144144556114e+02
5.290964859783524616e+02	7.641969858319400828e+02
5.293782525884894312e+02	7.713410851665220207e+02
5.295980576507963633e+02	7.784937582637157902e+02
5.258258336537099922e+02	7.691150935802314734e+02
5.246339354524542387e+02	7.704228076758564612e+02
5.232093872716274063e+02	7.707512831078199724e+02
5.217833935612468395e+02	7.710734252610002386e+02
5.199282865356429966e+02	7.694354938672111075e+02
5.193461924317625744e+02	7.736542995160375540e+02
5.177021790750115997e+02	7.729805179085808504e+02
5.158647198966755241e+02	7.713189049416987473e+02
5.154185367587783730e+02	7.765109723245765281e+02
5.139670265584778690e+02	7.767984386640594039e+02
5.125142533203238600e+02	7.770794523228298658e+02
5.119770662359757694e+02	7.822692330938593841e+02
5.096050324956678992e+02	7.776220995311372235e+02
5.090217450901565712e+02	7.828069013805341001e+02
5.075423218341706502e+02	7.830658811675742754e+02
5.062276255993793939e+02	7.843044332931527833e+02
5.034497389945493637e+02	7.766559740788686668e+02
5.019977026360388663e+02	7.768902551630654898e+02
5.016135594458234550e+02	7.840359868058117172e+02
5.005736775527644795e+02	7.872288586980494074e+02
4.983551183461193546e+02	7.825023045480027122e+02
4.968771538851581226e+02	7.827138897666088724e+02
4.955333777087020621e+02	7.839097355789984931e+02
4.936570578681254347e+02	7.811345063539877174e+02
4.923115207010499148e+02	7.823172207634816004e+02
4.913220137160862464e+02	7.864721254167238840e+02
4.897089963968675761e+02	7.856593445819042927e+02
4.879909522432560607e+02	7.838453048159441323e+02
4.872676874793177717e+02	7.909693820124380181e+02
4.854395071542482469e+02	7.881479577532060148e+02
4.840363970023731213e+02	7.892971023735640301e+02
4.825283809525246284e+02	7.894449947084319774e+02
4.811106895537811283e+02	7.905820385685191241e+02
4.795969927236486683e+02	7.907169177216128446e+02
4.780827114967703437e+02	7.908450693716855540e+02
4.765678757728401251e+02	7.909664909883651944e+02
4.749792624933118077e+02	7.900838667818428576e+02
4.735366604867516003e+02	7.911891346645309113e+02
4.722778886216991054e+02	7.952820523551132510e+02
4.707433942978389041e+02	7.953776362085484379e+02
4.689864269200188005e+02	7.914725693123984911e+02
4.674178140455533139e+02	7.905548704010478787e+02
4.659043731221094049e+02	7.906289049913302733e+02
4.645594230697583953e+02	7.946926503421211692e+02
4.627255341466458844e+02	7.867596483854360940e+02
4.613622857102164971e+02	7.908106489877325203e+02
4.598477680081851418e+02	7.908577730744261771e+02
4.583330558606020873e+02	7.908981668768901727e+02
4.568181791756699113e+02	7.909318295975435831e+02
4.553031678648396223e+02	7.909587605717109682e+02
4.538324864679360644e+02	7.949787124555268747e+02
4.523061874319670324e+02	7.959923142203142561e+02
4.507665124284221179e+02	7.949991484898145018e+02
4.492379311218875273e+02	7.929991534261054085e+02
4.477004778496282142e+02	7.949923364335502356e+02
4.461564048756350758e+02	7.959786507524993340e+02
4.446190730755585037e+02	7.959581558880117882e+02
4.430218635416164261e+02	7.989302302919140857e+02
4.415203214556335638e+02	7.968963750917328070e+02
4.401522319918148582e+02	7.908577730744261771e+02
4.386043938038297938e+02	7.918100937061715285e+02
4.367835698773706099e+02	7.997503766614321421e+02
4.354405769302414910e+02	7.946926503421211692e+02
4.339090653163409002e+02	7.946245519707007361e+02
4.323267927866232867e+02	7.955483435740837876e+02
4.307359937390451705e+02	7.964648583374334976e+02
4.291966536955198990e+02	7.963758374692667985e+02
4.276577244169664027e+02	7.962799773619199186e+02
4.259815950003615512e+02	7.981725380056177528e+02
4.245812196915565551e+02	7.960677471357755621e+02
4.227329696015588070e+02	7.999392933827958814e+02
4.210961565881193565e+02	8.008112994702728429e+02
4.198837617899715156e+02	7.966944075062025377e+02
4.180706080895403147e+02	7.995447237940064724e+02
4.164223164361034719e+02	8.003948332474136578e+02
4.148656547072276908e+02	8.002421701920661690e+02
4.133096867108959032e+02	8.000825915562603541e+02
4.124063560704257725e+02	7.939516215052581174e+02
4.109914329645138196e+02	7.927875897663711839e+02
4.089986989866661702e+02	7.965831694055757453e+02
4.064838970600506514e+02	8.043379019875233098e+02
4.054150244553115385e+02	8.001730714313703174e+02
4.046437153286241255e+02	7.940229751641728626e+02
4.014941169215903187e+02	8.057079972488440944e+02
4.011696313696269272e+02	7.965769685068843273e+02
3.994861710134287591e+02	7.973461574296100025e+02
3.979432233987673158e+02	7.971182680440333570e+02
3.957904922980256401e+02	8.008366133611336863e+02
3.945462567053724001e+02	7.986170999171060885e+02
3.921903125074057925e+02	8.033016275535800332e+02
3.906209735558176135e+02	8.030412599379017138e+02
3.890528070513812509e+02	8.027739214733478548e+02
3.881843261481790819e+02	7.985610742269499269e+02
3.859201152148674510e+02	8.022183532496910630e+02
3.843556517382268112e+02	8.019301344603600228e+02
3.827924844183905293e+02	8.016349667614808823e+02
3.819990168117082021e+02	7.974073492104414527e+02
3.810453261191254342e+02	7.941602140718509872e+02
3.785126820633641955e+02	7.987485675586731304e+02
3.769637098463510370e+02	7.984274678044083657e+02
3.758351899672388186e+02	7.961438731984208061e+02
3.745116662168746871e+02	7.948340346639922700e+02
3.718891948482481098e+02	7.993747302232161474e+02
3.703375056436394743e+02	7.990241925610928320e+02
3.694679419889930614e+02	7.957449748478086349e+02
3.677012293270707346e+02	7.963566259590317031e+02
3.649855064735577344e+02	8.008468838260396296e+02
3.655856649210022056e+02	7.917282839233104141e+02
3.640680152333948740e+02	7.913498117680335326e+02
3.613099040786200362e+02	7.958078467667505720e+02
3.597741689057650092e+02	7.954103348241835647e+02
3.577261548357761285e+02	7.969388094442720103e+02
3.572307172594344138e+02	7.926643549886696292e+02
3.554433821108070219e+02	7.932128290337602721e+02
3.539192359189896706e+02	7.927892745895198914e+02
3.510261580189456936e+02	7.971673639665878000e+02
3.505982286422675998e+02	7.928823236198463746e+02
3.487928974947289475e+02	7.933964507715354557e+02
3.472680010298684010e+02	7.929433428244392417e+02
3.451627035981892391e+02	7.943967788513111827e+02
3.436333979754930965e+02	7.939275301190066330e+02
3.421061925761766815e+02	7.934514904896918779e+02
3.405811175551232282e+02	7.929686693628359535e+02
3.405990613164690899e+02	7.877224224347005475e+02
3.384746667309516965e+02	7.891328648763308138e+02
3.369688175452082533e+02	7.886339495574411558e+02
3.351443744060983363e+02	7.890754860933379859e+02
3.355890005543287771e+02	7.828875533958015467e+02
3.324647795985559355e+02	7.870971254181559971e+02
3.313014585035870141e+02	7.856287476463008943e+02
3.281232065885378120e+02	7.898044249678625874e+02
3.266144754946183753e+02	7.892595058985552896e+02
3.264920235385918090e+02	7.849548921129653536e+02
3.246547311894821632e+02	7.853394751394756668e+02
3.224573039851358658e+02	7.866494626362264171e+02
3.184535884057910380e+02	7.926142752377475063e+02
3.212834490979531665e+02	7.808429378479775096e+02
3.183477285745498193e+02	7.839890408808641951e+02
3.168649348776997385e+02	7.834007415031959454e+02
3.131349332373570178e+02	7.883680739964355553e+02
3.116327325982614980e+02	7.877565681252931427e+02
3.120492467245245507e+02	7.825200590501705165e+02
3.101857455847900837e+02	7.828257415860722404e+02
3.087082016338691233e+02	7.822011856006306516e+02
3.056515466505726977e+02	7.852439768521251153e+02
3.061610649274219895e+02	7.800156977435872250e+02
3.046960472508090447e+02	7.793732856736576196e+02
3.048646330807587219e+02	7.750718770813882657e+02
3.013629108191555588e+02	7.789802664596247723e+02
2.999025414923000312e+02	7.783165438255118715e+02
3.005442337019443357e+02	7.731083006056343265e+02
2.944476322195470743e+02	7.824040626675532621e+02
2.959671996207084703e+02	7.753826922368695023e+02
2.940909886080003162e+02	7.755969597013604471e+02
2.935174937673417617e+02	7.731009520926022560e+02
2.934029647967149685e+02	7.697082553916009147e+02
2.902084125178092791e+02	7.725936276027804297e+02
2.887765325955414255e+02	7.718804025691583774e+02
2.882514591861428244e+02	7.693765951734535520e+02
2.868338935941984573e+02	7.686547061010878679e+02
2.849598278116616825e+02	7.688145880665495042e+02
2.835447920172674685e+02	7.680780780491249971e+02
2.849386187887614597e+02	7.620316337050430775e+02
2.821391659379068528e+02	7.639406638012642361e+02
2.807458154649179960e+02	7.631916681799891649e+02
2.798351445603461229e+02	7.615588579597789476e+02
2.736200737349436167e+02	7.695545675009719844e+02
2.726889799522764974e+02	7.678943254756771921e+02
2.756971012544705104e+02	7.592628323754823896e+02
2.698708579868895185e+02	7.663060103722669965e+02
2.684671181230791603e+02	7.655024766898984581e+02
2.670669626513191588e+02	7.646927133671609909e+02
2.656704192178739277e+02	7.638767363929439398e+02
2.668286484279400383e+02	7.587543618530187359e+02
2.649444514554490411e+02	7.587951488493226861e+02
2.630562854117044935e+02	7.588252703001001009e+02
2.611642079536752590e+02	7.588446917825158380e+02
2.634717309168471502e+02	7.520466931334341325e+02
2.600145869512615491e+02	7.546088357692538011e+02
2.586629212497167600e+02	7.537616208399407469e+02
2.573150335254556467e+02	7.529084080950934776e+02
2.559709503927092840e+02	7.520492143815167765e+02
2.524538816595620290e+02	7.545398678804233441e+02
2.511025970631345672e+02	7.536590573405808300e+02
2.525134320139531781e+02	7.486018343297516822e+02
2.511885327153092646e+02	7.477213470279018566e+02
2.476314423173150203e+02	7.501515731450192561e+02
2.502386608738282519e+02	7.434627870625483865e+02
2.489366195917349671e+02	7.425722424612446275e+02
2.447883870430382274e+02	7.457840325433442104e+02
2.451971176483398267e+02	7.424120027981957719e+02
2.444771068380981660e+02	7.406825422799956868e+02
2.426065425098269088e+02	7.405803740624471629e+02
2.442401103965159734e+02	7.355991383571772531e+02
2.429730707679271404e+02	7.346820165952501611e+02
2.369762579811541627e+02	7.402083481505799227e+02
2.362841177246768893e+02	7.384554067152845391e+02
2.356033380587362558e+02	7.367020602445045370e+02
2.349339088461273377e+02	7.349483750362408045e+02
2.342758195849995673e+02	7.331944172900948615e+02
2.330195638022350124e+02	7.322330425507043401e+02
2.287025304229209155e+02	7.352164615844985747e+02
2.292868957821314950e+02	7.318682770843720391e+02
2.311366297463464434e+02	7.269617756319671571e+02
2.299080999438669721e+02	7.259865133112143667e+02
2.242952116690794071e+02	7.304591744345232200e+02
2.236816218893022779e+02	7.286772178154203630e+02
2.268825380343472204e+02	7.222546568307059260e+02
2.244003924442802997e+02	7.228017908128633735e+02
2.225497091573532202e+02	7.225644239360584606e+02
2.200525831122080263e+02	7.230809137721491879e+02
2.194889105603315613e+02	7.212943745184134059e+02
2.189365619945475032e+02	7.195082329300914807e+02
2.183955226842431898e+02	7.177225543119127451e+02
2.152353614237838144e+02	7.189508588463301066e+02
2.140425854315894583e+02	7.179050177025268340e+02
2.135187416490423118e+02	7.161063968580003802e+02
2.090006813819685476e+02	7.187756098042464146e+02
2.091505254704931929e+02	7.162189524035816248e+02
2.093183057157477549e+02	7.136689629752841029e+02
2.081490584522034055e+02	7.125968813075362505e+02
2.063038711254191639e+02	7.122521625679065664e+02
2.044569854014755208e+02	7.118962160510701551e+02
2.039828621115420333e+02	7.100760809170490120e+02
2.076625727793168323e+02	7.039164653346845171e+02
2.058430497695452459e+02	7.035574563174257037e+02
2.033251243279733842e+02	7.039045208581175075e+02
2.014993230082146454e+02	7.035200456268189555e+02
2.045942599099240624e+02	6.981471795746268754e+02
2.013750684552996688e+02	6.991779352478727105e+02
1.995608316633494610e+02	6.987754468649324053e+02
1.970326927276349238e+02	6.990633281945955559e+02
1.952127730095908476e+02	6.986352126359774957e+02
1.941104680649968657e+02	6.975006009004523548e+02
1.937350886844916431e+02	6.956690766630074449e+02
1.948208011874819476e+02	6.924614948675384767e+02
1.944739277782042279e+02	6.906396193790657208e+02
1.904830239193603347e+02	6.922311687747072710e+02
1.938135734629483977e+02	6.870010861961941373e+02
1.927629790305987854e+02	6.858603719211598673e+02
1.894972700579784259e+02	6.867326080047997721e+02
1.884479112320409513e+02	6.855727167163414606e+02
1.926258019660451737e+02	6.797466478240294236e+02
1.863647073452543736e+02	6.832390028851234547e+02
1.868347051026840404e+02	6.807466739990171618e+02
1.888312630529730427e+02	6.769512961881791853e+02
1.870676443144545829e+02	6.764411100786467159e+02
1.853034177884161977e+02	6.759197188505382883e+02
1.843021478649390019e+02	6.747412987655255847e+02
1.833061241825785146e+02	6.735584411322502092e+02
1.815461576907425183e+02	6.730101669193498992e+02
1.844180562404757211e+02	6.686372135500104150e+02
1.842240122637087438e+02	6.668227947951938859e+02
1.778195668741553277e+02	6.700404776931454762e+02
1.768444954749038516e+02	6.688288608653807614e+02
1.758748175691547431e+02	6.676129232312634940e+02
1.756965221538953870e+02	6.657744239745100003e+02
1.778952655924634314e+02	6.620943504976122540e+02
1.777469357011341344e+02	6.602718929859090622e+02
1.784035554110943167e+02	6.578445844535417564e+02
1.774826711778007393e+02	6.566356830066223438e+02
1.757676566319868812e+02	6.560233526833503674e+02
1.764592357949045436e+02	6.536085713276637534e+02
1.747523760340861259e+02	6.529845942457675392e+02
1.754680174201824343e+02	6.505796364060787482e+02
1.729593233344888858e+02	6.505304552249251628e+02
1.712583355569100831e+02	6.498801753638811078e+02
1.703729120304259936e+02	6.486396024806134619e+02
1.694930097797613371e+02	6.473951074307135514e+02
1.702593537811649753e+02	6.450030021642451175e+02
1.693956120281903281e+02	6.437580384163869667e+02
1.677120073607101745e+02	6.430737921409331648e+02
1.660289593686825924e+02	6.423783981708098736e+02
1.651769219116744694e+02	6.411146624105319916e+02
1.651633639868915679e+02	6.392936628224409787e+02
1.659956560066117959e+02	6.369265433074854172e+02
1.651678444099673015e+02	6.356627133862247092e+02
1.601448577001620492e+02	6.371069119042391549e+02
1.593163023909757499e+02	6.358170819498179753e+02
1.584934866719069646e+02	6.345235830112192161e+02
1.593710561994822683e+02	6.321642583642453701e+02
1.585644714051658752e+02	6.308710387891042046e+02
1.662836515111065410e+02	6.243388470769746164e+02
1.578228999404374235e+02	6.277541622600842857e+02
1.613190273503601588e+02	6.238743685252599107e+02
1.605492597762062132e+02	6.225898866790805641e+02
1.597852074472544359e+02	6.213019970215375452e+02
1.624805722694110841e+02	6.179927935283971010e+02
1.617369282377175637e+02	6.167135311190222637e+02
1.618668469434883264e+02	6.149341872072398019e+02
1.533061710929258084e+02	6.180885834566399808e+02
1.525621919898325700e+02	6.167685532890021705e+02
1.561961666905273773e+02	6.130193471114996555e+02
1.581043747246822022e+02	6.102683497922507740e+02
1.477294703658515687e+02	6.142209697775876975e+02
1.540491803007461158e+02	6.090883789575459559e+02
1.533451866250237572e+02	6.077717392357010340e+02
1.570719455226708305e+02	6.041238297607701497e+02
1.546159035166031686e+02	6.037440585671112103e+02
1.503793234385996698e+02	6.042609807335890082e+02
1.496968167277241832e+02	6.029280815172213579e+02
1.552720446583587659e+02	5.984433640825197926e+02
1.519300253654219546e+02	5.984698293302111551e+02
1.467878497157072388e+02	5.993532454283315474e+02
1.542184741188546582e+02	5.940634892935102016e+02
1.535812424601040789e+02	5.927477501696764648e+02
1.466296479636035883e+02	5.944383242263386364e+02
1.468956148417247505e+02	5.926630004514973962e+02
1.526113868139202054e+02	5.883618905163564250e+02
1.510909682091820514e+02	5.874568685583801653e+02
1.513935098468190290e+02	5.857135366807535775e+02
1.507934094206668192e+02	5.843853271525254058e+02
1.501992168703413313e+02	5.830544641672852322e+02
1.496109439282574272e+02	5.817209740031082674e+02
1.471934107600069979e+02	5.811799127642725580e+02
1.456941440968797110e+02	5.802265182789948312e+02
1.451184817202534418e+02	5.788730375658017238e+02
1.519313446669383438e+02	5.744350300676642291e+02
1.495323235638409756e+02	5.738716085996127276e+02
1.526896632892585899e+02	5.710271196259151338e+02
1.410204101027871388e+02	5.741797609393339599e+02
1.414011773979675013e+02	5.724367865007869796e+02
1.464470357561629612e+02	5.688763975681455349e+02
1.459218006544805917e+02	5.675263744135185107e+02
1.491399614030322596e+02	5.647485824549961535e+02
1.411456639812276421e+02	5.662282199915462115e+02
1.406322484989546524e+02	5.648546661271863059e+02
1.457590334983005391e+02	5.614155927243211863e+02
1.452669575688176451e+02	5.600625860619094283e+02
1.447808986357234744e+02	5.587074061983979618e+02
1.452443821410839746e+02	5.570187524849283136e+02
1.447718488251182407e+02	5.556635023570746625e+02
1.443053422815324893e+02	5.543061658886424539e+02
1.428970230272028630e+02	5.532654905302135830e+02
1.433904462372662465e+02	5.515853411738980867e+02
1.419914310700705187e+02	5.505321911913636086e+02
1.501158711271900756e+02	5.464080351951845387e+02
1.487370751706688452e+02	5.453763604006609285e+02
1.502256316811253782e+02	5.434415758590345149e+02
1.498133799059219200e+02	5.421085941511086048e+02
1.446205434999977797e+02	5.422192363217309321e+02
1.451723560718709791e+02	5.405765284012684333e+02
1.457327188311184614e+02	5.389405509882683418e+02
1.463015828340029998e+02	5.373113475492623365e+02
1.459166097099173385e+02	5.359609896970089267e+02
1.455376407547484519e+02	5.346089345330348124e+02
1.422706772815247973e+02	5.340456063053183016e+02
1.419002554025345830e+02	5.326773692069151593e+02
1.415359169959364749e+02	5.313074996323352934e+02
1.431138594170499232e+02	5.294348583312250867e+02
1.476099122497041094e+02	5.268390189315842917e+02
1.433903252903571115e+02	5.264624572875275135e+02
1.420822389746980434e+02	5.253369261727943922e+02
1.407781204712924819e+02	5.242012750613727121e+02
1.414248800920473172e+02	5.225974887567925862e+02
1.479263545250195193e+02	5.196528011601531034e+02
1.466444119084707154e+02	5.185301916941899663e+02
1.404845536813365925e+02	5.184776495665452103e+02
1.392059865994432926e+02	5.173133065179135883e+02
1.467361104995529786e+02	5.142729595168970036e+02
1.484118695525938847e+02	5.125187937602632928e+02
1.432366695924989699e+02	5.121712081055078443e+02
1.468872278563359828e+02	5.100303870001120004e+02
1.456416719135834228e+02	5.088728131181209733e+02
1.512788845404318181e+02	5.064065171641658480e+02
1.500477390714422086e+02	5.052597608015667561e+02
1.498051514498666279e+02	5.039263655734605436e+02
1.416883204952429764e+02	5.039713653797641655e+02
1.414515404383551527e+02	5.026008374661088851e+02
1.471399417991574978e+02	5.002472401887136471e+02
1.479068886077315028e+02	4.987416869767397429e+02
1.536208680777730251e+02	4.964694540642254310e+02
1.544059142365376829e+02	4.950015162151552772e+02
1.551981345069876284e+02	4.935414756506922345e+02
1.490681217330725872e+02	4.930813723404810958e+02
1.488796589310909440e+02	4.917437443761800182e+02
1.496882696152581502e+02	4.902723800305136592e+02
1.534791171123460458e+02	4.884235085790742801e+02
1.533113081633803176e+02	4.871055270313644883e+02
1.531493573739799103e+02	4.857868128298525221e+02
1.519999343898518873e+02	4.845826675713053646e+02
1.528430429491053246e+02	4.831472906321574783e+02
1.477270914715820709e+02	4.823587510539371124e+02
1.475862882985551323e+02	4.810152700287355856e+02
1.484466817990190179e+02	4.795735740480908476e+02
1.532964943052324429e+02	4.777674217102533589e+02
1.541720914645528069e+02	4.763599797333588413e+02
1.550543185521826217e+02	4.749608692813897051e+02
1.489654978967205352e+02	4.741294124137043582e+02
1.488612498874493895e+02	4.727915155408937835e+02
1.477654742223297717e+02	4.715242056287057721e+02
1.536594913418098258e+02	4.697813783191446078e+02
1.585648456369904693e+02	4.681535341299922948e+02
1.594853889046400468e+02	4.668006172538911187e+02
1.604121815110812008e+02	4.654562409022707925e+02
1.613451657273851652e+02	4.641204338123616822e+02
1.512951417507358656e+02	4.632818544746963880e+02
1.512390722923640283e+02	4.619544165592765239e+02
1.511889019101434997e+02	4.606267426022354812e+02
1.581412455707394997e+02	4.590811597827923265e+02
1.581037744758593817e+02	4.577841842706894795e+02
1.570723137171247004e+02	4.565092710007655228e+02
1.540467553359844715e+02	4.552608908790585929e+02
1.540263001794166939e+02	4.539457590543815968e+02
1.580115311044620512e+02	4.525950013563566472e+02
1.630028334274974213e+02	4.512752957912587704e+02
1.620000000000000000e+02	4.500000000000000568e+02
1.620028433000671271e+02	4.487202606693988400e+02
1.620113731441269920e+02	4.474405466074290416e+02
1.620255893637567510e+02	4.461608830822232221e+02
1.670447018921743165e+02	4.449701617608998845e+02
1.660700924766669573e+02	4.436906724770735195e+02
1.641016421236157043e+02	4.423757647211738231e+02
1.651378595467833748e+02	4.411365392530963163e+02
1.681781616677607758e+02	4.399774534654499121e+02
1.682254795533332867e+02	4.387252659875719019e+02
1.682783611160786563e+02	4.374733011308882737e+02
1.683368053118429657e+02	4.362215836156193518e+02
1.684008109866375662e+02	4.349701381571021557e+02
1.684703768766614758e+02	4.337189894653013766e+02
1.675474360111928149e+02	4.324059926068909476e+02
1.626395067556943559e+02	4.308180573874960828e+02
1.627275794588481403e+02	4.295413491053884059e+02
1.688042134710620417e+02	4.287178563492314538e+02
1.718919665999504218e+02	4.277082580681338300e+02
1.729902045861715010e+02	4.265570214181540791e+02
1.691128949259390311e+02	4.249713323743863498e+02
1.692268838727367779e+02	4.237234465694917276e+02
1.683511912512290110e+02	4.223784770441923229e+02
1.684767091726681087e+02	4.211272321771967881e+02
1.725850609229322004e+02	4.203023304472089876e+02
1.786827783448352420e+02	4.197350824662909190e+02
1.788199402947652175e+02	4.185297725101120818e+02
1.700271531085696779e+02	4.162478889029483753e+02
1.711721658659193395e+02	4.151282505156739830e+02
1.762884157960117477e+02	4.145321459270081732e+02
1.774398486607128689e+02	4.134491600383124705e+02
1.766144271874378546e+02	4.121010741847837835e+02
1.777754390677466176e+02	4.110283638367356502e+02
1.828976386472706395e+02	4.105496697124600018e+02
1.820869657461595921e+02	4.092126725942906660e+02
1.763432681918104095e+02	4.070932040806984560e+02
1.745621631423434792e+02	4.055590501094430920e+02
1.796949317686291465e+02	4.051539289520926559e+02
1.877830982639056288e+02	4.052976908434984580e+02
1.791191314255329985e+02	4.025810687557981851e+02
1.842537406277508580e+02	4.022619058857888490e+02
1.805346901822136942e+02	4.003568050503956215e+02
1.817405772353220073e+02	3.993454632045482526e+02
1.898227195390310271e+02	3.996732403990254170e+02
1.900489170936215260e+02	3.985176292717484330e+02
1.902802474185694450e+02	3.973630346710556296e+02
1.895375237045128642e+02	3.960064962979543566e+02
1.897800173963906900e+02	3.948496540919528570e+02
1.900276491680878053e+02	3.936939008372169155e+02
1.912568035506441220e+02	3.927552771762318571e+02
1.963908266758919297e+02	3.927078783264006461e+02
1.869035991024363739e+02	3.893346570540601874e+02
1.871757653780845203e+02	3.881661767686622397e+02
1.942598920878928936e+02	3.886322788014431353e+02
1.935637573795593198e+02	3.872588375090922455e+02
1.938450818881464670e+02	3.861199723926982870e+02
1.892854692152898224e+02	3.837509740621915739e+02
1.963590888557321250e+02	3.843472148808170346e+02
1.956863516298786578e+02	3.829659172310213080e+02
1.959867309431554361e+02	3.818365263278410566e+02
1.972567945070831001e+02	3.809719471724344544e+02
1.994929955577044041e+02	3.803850538652245064e+02
2.046162515064206673e+02	3.806327456558946096e+02
2.049269101983252312e+02	3.795430581485383073e+02
2.062022415870791576e+02	3.787353313847942786e+02
2.046041608628898700e+02	3.770830463184756240e+02
2.039732905313462368e+02	3.757042516154078271e+02
2.052618638723439801e+02	3.749050952143827544e+02
2.055979672304717099e+02	3.738183330576022740e+02
2.068922600269637826e+02	3.730348990437703947e+02
2.072366575791538992e+02	3.719554000800886797e+02
2.066352047961051142e+02	3.705671575771941662e+02
2.079398259767891375e+02	3.698010464416593095e+02
2.092464316324368383e+02	3.690449549547090555e+02
2.124478046831723361e+02	3.689447441546462869e+02
2.128103221520268846e+02	3.678899718525518665e+02
2.131775229641241651e+02	3.668368208244053790e+02
2.144914341325027181e+02	3.661208285506186826e+02
2.139259455239914871e+02	3.647354657359898056e+02
2.190022291375986185e+02	3.654066795982004692e+02
2.193804034264935297e+02	3.643810670688245636e+02
2.197631313314606700e+02	3.633571450972108323e+02
2.145443176197643425e+02	3.601967615569594727e+02
2.149456863954880532e+02	3.591513915576481963e+02
2.153516963513897906e+02	3.581078153767709296e+02
2.185508830484756686e+02	3.581724101244096801e+02
2.189612075543363119e+02	3.571448634417592416e+02
2.193760939533501073e+02	3.561191501967199997e+02
2.188710181260315437e+02	3.547141472310670451e+02
2.192967063985591665e+02	3.536880572231700057e+02
2.243324109409731477e+02	3.546105915298444415e+02
2.247585054493521000e+02	3.536087704581456137e+02
2.251890473824294929e+02	3.526088526447066442e+02
2.292873094107013969e+02	3.532172111745453549e+02
2.297195465419276559e+02	3.522374211453788462e+02
2.301561331414045810e+02	3.512595614519553919e+02
2.324178318700907369e+02	3.511111729673776836e+02
2.319508582680963684e+02	3.497275122978381319e+02
2.251451949080860118e+02	3.453849120486084985e+02
2.256122760619335850e+02	3.443867936956078779e+02
2.305982275451061980e+02	3.455401405148800791e+02
2.319655339676145616e+02	3.450001351335509412e+02
2.360303855327885572e+02	3.457838588089498444e+02
2.338043543830930560e+02	3.435084847685563432e+02
2.342796880272273938e+02	3.425488622565137575e+02
2.347592810989832799e+02	3.415913613821596755e+02
2.352431241287286241e+02	3.406360010514824808e+02
2.357312075629155004e+02	3.396828001282048035e+02
2.397716790793842847e+02	3.405785529116955672e+02
2.411449520947139717e+02	3.401111062732876462e+02
2.407524084230078643e+02	3.387145767891037167e+02
2.403681693796951890e+02	3.373123982384049668e+02
2.408709707763740653e+02	3.363820034678317370e+02
2.413779014548779855e+02	3.354538521004333234e+02
2.471354484291737492e+02	3.374390222325357627e+02
2.415318589019647959e+02	3.331152954953913081e+02
2.420532988012002988e+02	3.321901130611818758e+02
2.434467155799706006e+02	3.317640465201111510e+02
2.500337249937320792e+02	3.343518748093267732e+02
2.505495861688707748e+02	3.334644585433641737e+02
2.510693855202248699e+02	3.325793432879074771e+02
2.524520170579449427e+02	3.322086826819331122e+02
2.486942772324470070e+02	3.287522949452934995e+02
2.492350335848035172e+02	3.278589820727490292e+02
2.548917603484786980e+02	3.301093213794978283e+02
2.554264255154023147e+02	3.292435338696651002e+02
2.508810443349223362e+02	3.251935839195402878e+02
2.531274852016068166e+02	3.253797250967706418e+02
2.536831839336156236e+02	3.245061446541807868e+02
2.542427589685153180e+02	3.236350421052528645e+02
2.589949074278605394e+02	3.254967686704139282e+02
2.578794143574139071e+02	3.235496912919950887e+02
2.592760536637373434e+02	3.232507345428684289e+02
2.656538678262149915e+02	3.263047957576148406e+02
2.645495244856703039e+02	3.243651277251852889e+02
2.651096188561376721e+02	3.235423115802074676e+02
2.648504771447003350e+02	3.221537869686595741e+02
2.662407485248708667e+02	3.219041862616102208e+02
2.619049336715601726e+02	3.176359337928158766e+02
2.690168701771271458e+02	3.214344263828098178e+02
2.704026010439567358e+02	3.212142310337674189e+02
2.717866992210163062e+02	3.210038007325041463e+02
2.731691053382941163e+02	3.208031165502021054e+02
2.689160368645303834e+02	3.164575037856792505e+02
2.687090536353326797e+02	3.150570758942756129e+02
2.701099788402246986e+02	3.148534858491141790e+02
2.723059522592092776e+02	3.152638675132257049e+02
2.737005535124647508e+02	3.150833399161219859e+02
2.743018015280575241e+02	3.143012783637447001e+02
2.741178093539691645e+02	3.129071299682100289e+02
2.763006630258191763e+02	3.133634736436482626e+02
2.776927424720402087e+02	3.132147339689199725e+02
2.783022542985111158e+02	3.124504303131891447e+02
2.789151563208977223e+02	3.116888425928799506e+02
2.795314364373642775e+02	3.109299858456481616e+02
2.762908798084507112e+02	3.069960085792082509e+02
2.761588299086183724e+02	3.055865394734295251e+02
2.806340616216949684e+02	3.080275416947491749e+02
2.858475913533387711e+02	3.111512090960114847e+02
2.864661920244525390e+02	3.104231622044087544e+02
2.870880216933940687e+02	3.096978712769191588e+02
2.884678910212030019e+02	3.096312792362128903e+02
2.845818146359729326e+02	3.049592334863319820e+02
2.859769059903713924e+02	3.048882340004486196e+02
2.873693473292692033e+02	3.048267558677146098e+02
2.887590816402071141e+02	3.047747740697552672e+02
2.901460520810322805e+02	3.047322632697818676e+02
2.907931331536084372e+02	3.040233801290243036e+02
2.914433577879566428e+02	3.033173793169686405e+02
2.920967131453010097e+02	3.026142747736992078e+02
2.934811808328032043e+02	3.025996633433072702e+02
2.977624097993500527e+02	3.053496763574344186e+02
2.991285451691795743e+02	3.053666562744547264e+02
3.004915094312341353e+02	3.053929073390614803e+02
3.004198583118104580e+02	3.040315746041592320e+02
2.989321996007285520e+02	3.012635899232273005e+02
2.988851477175452374e+02	2.998890363109613872e+02
3.037915885518382311e+02	3.034663846695747225e+02
3.037409915795536790e+02	3.021071250672709994e+02
3.043996033400243846e+02	3.014586774918919900e+02
3.050610900006171278e+02	3.008131628856258430e+02
3.043381831011491840e+02	2.987299266288084709e+02
3.043213756593614221e+02	2.973607573059302922e+02
3.050010723618306656e+02	2.967149355488900255e+02
3.036317406014367180e+02	2.938835926603648545e+02
3.090919031367646994e+02	2.983625763922998431e+02
3.090896475015639453e+02	2.970023772774017630e+02
3.104450680200554871e+02	2.971163155857595370e+02
3.104549005511493647e+02	2.957561501394289394e+02
3.084713142741754837e+02	2.921594756828246773e+02
3.105026285008397053e+02	2.930271254489322246e+02
3.118624659809585182e+02	2.931592473394169929e+02
3.119031537786963781e+02	2.917936124433351779e+02
3.132617633926747089e+02	2.919378139796898495e+02
3.133145859686056838e+02	2.905725946047346042e+02
3.185568787745711461e+02	2.953012414965226071e+02
3.198896968870197384e+02	2.954836286219210706e+02
3.199368759406837057e+02	2.941392167351552871e+02
3.212680205473012052e+02	2.943334414005694839e+02
3.213271455141265278e+02	2.929895018845643335e+02
3.188740316238855712e+02	2.885379907921796985e+02
3.227275776911753837e+02	2.918521877494216028e+02
3.209376110152421120e+02	2.881608831291178490e+02
3.222780332230803424e+02	2.883735813592486465e+02
3.229974875170924520e+02	2.878076394430707978e+02
3.243324618745119210e+02	2.880349733384426258e+02
3.244439048967990402e+02	2.866853742543676731e+02
3.288066402162919530e+02	2.909020127583736439e+02
3.277075167948569288e+02	2.879705318421374614e+02
3.314230752391893589e+02	2.914329387474527948e+02
3.321288448732201459e+02	2.909076029815421975e+02
3.298782788060397593e+02	2.863547370150896541e+02
3.306066288803671682e+02	2.858225870203527847e+02
3.319218815343642746e+02	2.861050399200289576e+02
3.320703869173526073e+02	2.847680225919417580e+02
3.333830774755500670e+02	2.850621529759574742e+02
3.364118467629448332e+02	2.878219144144460415e+02
3.382736773900986691e+02	2.889620267264014046e+02
3.350257289496400972e+02	2.826981261418798113e+02
3.363329844972206502e+02	2.830155408827189376e+02
3.370761086964024571e+02	2.825121055931107321e+02
3.383768018876457404e+02	2.828436012496975422e+02
3.402239468457449902e+02	2.840174161127915795e+02
3.447980678681042832e+02	2.893869448777092543e+02
3.449685927280868327e+02	2.880821088128878387e+02
3.462295890679670265e+02	2.884583588823085734e+02
3.464117032602031827e+02	2.871550897984594712e+02
3.450044442512373735e+02	2.833118682298932072e+02
3.452169588199158738e+02	2.819984694086009540e+02
3.464899464524476116e+02	2.823853562048266781e+02
3.498439997986345134e+02	2.861928706567871359e+02
3.479836238950300071e+02	2.814720824124106571e+02
3.482194483004971630e+02	2.801626681328724544e+02
3.515262650322909508e+02	2.840122790038088851e+02
3.527712101369005495e+02	2.844386445399855461e+02
3.530052851420456363e+02	2.831436986816976287e+02
3.537476752685558381e+02	2.827143461506856283e+02
3.544919659106309382e+02	2.822882966982210746e+02
3.532741660482554948e+02	2.783809071043098129e+02
3.535505989850295805e+02	2.770794603181755633e+02
3.543199304096406763e+02	2.766525907802946449e+02
3.608432025020405263e+02	2.867607110407918753e+02
3.620448760140726563e+02	2.872459027716348032e+02
3.622974293945244426e+02	2.859748217218112813e+02
3.634947435578496879e+02	2.864706735540141267e+02
3.609766018588171619e+02	2.798858189820835491e+02
3.635722775169704732e+02	2.830441711517790964e+02
3.638592343276634438e+02	2.817716775052916205e+02
3.650594254943991359e+02	2.822826818642199100e+02
3.662533655426839800e+02	2.828010131099093769e+02
3.674410131342015120e+02	2.833266257385633935e+02
3.664229306499321979e+02	2.793691895381905397e+02
3.667460760712041292e+02	2.780994934549107711e+02
3.675107446651746841e+02	2.777312484682553304e+02
3.687049109109295841e+02	2.782702457638744136e+02
3.694688014215639669e+02	2.779107032511303714e+02
3.702342820319365728e+02	2.775545586655322268e+02
3.726644673616837053e+02	2.808396754804841748e+02
3.742403755975751665e+02	2.823203074000804236e+02
3.753938984656709863e+02	2.828984452081627410e+02
3.753299131705547325e+02	2.807387281954814853e+02
3.760827694765918068e+02	2.804085997706565649e+02
3.768370852886464490e+02	2.800818199516626237e+02
3.775928457126476587e+02	2.797583951908125641e+02
3.783500358260005214e+02	2.794383318741734570e+02
3.794918372147570835e+02	2.800453031521350340e+02
3.802477336933702645e+02	2.797336752464275378e+02
3.791301435119466419e+02	2.747902301771881639e+02
3.799093946849171175e+02	2.744770469523564316e+02
3.806900298066572077e+02	2.741673294526926838e+02
3.825597789639980419e+02	2.766569396064116972e+02
3.858397611025521314e+02	2.828938548567934390e+02
3.862286519925680750e+02	2.816752686818867915e+02
3.873273655947410248e+02	2.823302624302622235e+02
3.859972670998304807e+02	2.764239354596678595e+02
3.867691910429485347e+02	2.761412504397985686e+02
3.875423634872008734e+02	2.758619982851673740e+02
3.883167691661899994e+02	2.755861845096469551e+02
3.894216230984155231e+02	2.762580642102501542e+02
3.901942502897628628e+02	2.759905970885582747e+02
3.912888841237877386e+02	2.766737040360869742e+02
3.930094878379201191e+02	2.792601935004498728e+02
3.940811354197209653e+02	2.799585915606071467e+02
3.951454448291029280e+02	2.806631233989388647e+02
3.952905587775617278e+02	2.785156653185820232e+02
3.957533912674665544e+02	2.773202228371271758e+02
3.965212362043451435e+02	2.770808806901661683e+02
3.975813517990946480e+02	2.778016105743444086e+02
3.980600787329782406e+02	2.766124439909957573e+02
3.991137473437185577e+02	2.773425666511832333e+02
3.998814598196308339e+02	2.771181561580606285e+02
4.017468249621453538e+02	2.807438890356801267e+02
4.027692873197280505e+02	2.814940363675112849e+02
4.032529080098371992e+02	2.803217474439836678e+02
4.042686634377494101e+02	2.810809517661487575e+02
4.037345623132026162e+02	2.760473935934012388e+02
4.045079843222345630e+02	2.758435286600754921e+02
4.052823045774554203e+02	2.756431024705459549e+02
4.075222575301440315e+02	2.812645816828470515e+02
4.082724593643590651e+02	2.810774960151817368e+02
4.092589823266636131e+02	2.818656207703465952e+02
4.100064962741101908e+02	2.816862463738412998e+02
4.112085016341347909e+02	2.834580543690836976e+02
4.119489202934703371e+02	2.832873270169081366e+02
4.126900902766773243e+02	2.831198914296928706e+02
4.134319969492510722e+02	2.829557509134767770e+02
4.129175949836194945e+02	2.769280634007895969e+02
4.147128036336304149e+02	2.816586391506791074e+02
4.154611834688165004e+02	2.815035010671579130e+02
4.164066973400869074e+02	2.823322034008931496e+02
4.169599742700954721e+02	2.812032088582035385e+02
4.177103556423552391e+02	2.810580606620818571e+02
4.184613745781425678e+02	2.809162482480952008e+02
4.188550280653267350e+02	2.788100741188652592e+02
4.194414041692976980e+02	2.776887344923270007e+02
4.202073777485801997e+02	2.775546473244808112e+02
4.209739395873410217e+02	2.774239651141541572e+02
4.225484724197178821e+02	2.822310707147804578e+02
4.232942312745420281e+02	2.821107450824134730e+02
4.240405174384912357e+02	2.819937344467810476e+02
4.246390062711942619e+02	2.808911001836760875e+02
4.253906986988499170e+02	2.807800771496771404e+02
4.258638463627013380e+02	2.786919555665971870e+02
4.266252986836633454e+02	2.785863968689414492e+02
4.273872125413603840e+02	2.784842227567668260e+02
4.281495728916965504e+02	2.783854352475154315e+02
4.296437277563823613e+02	2.842452951486935149e+02
4.303804662772873826e+02	2.841564776769881178e+02
4.307783872578764885e+02	2.810901731585996686e+02
4.316377866355548463e+02	2.820005085711311494e+02
4.323844802674472589e+02	2.819205739403182065e+02
4.331315217202316035e+02	2.818439580611955080e+02
4.339742873899586471e+02	2.827661023137343363e+02
4.350814237227483545e+02	2.866799581133416837e+02
4.354611263813655455e+02	2.826302860314884242e+02
4.358765310601037868e+02	2.785808423042984714e+02
4.367160621135799943e+02	2.795167545058174028e+02
4.375469952379385177e+02	2.804567233052396205e+02
4.383004904013224063e+02	2.804030617164612522e+02
4.391186035344879315e+02	2.813506738496701018e+02
4.401079189042097823e+02	2.852967919814725519e+02
4.407843658809265435e+02	2.842560043688358178e+02
4.415209468282644139e+02	2.842166906552083674e+02
4.422576951956887683e+02	2.841806503561265913e+02
4.429945964360002790e+02	2.841478841832113176e+02
4.437693972279033119e+02	2.851176795738962824e+02
4.445687607895446263e+02	2.870905108944269841e+02
4.452927091339174126e+02	2.870679853045998016e+02
4.460167504244043357e+02	2.870486768301082066e+02
4.466209024026738348e+02	2.810337853314226777e+02
4.473717437854608079e+02	2.810204383090347164e+02
4.481226370635328635e+02	2.810104278116404544e+02
4.488669021288024510e+02	2.800037762501346492e+02
4.496378506497599687e+02	2.870004023077108286e+02
4.503621493502400881e+02	2.870004023077108286e+02
4.510931061816260694e+02	2.860036429707181469e+02
4.518329283107521519e+02	2.850101809995306326e+02
4.525816007787783519e+02	2.840200754988151743e+02
4.533191136163085275e+02	2.840331855918116162e+02
4.540565609174778956e+02	2.840495727226868894e+02
4.546784117810146881e+02	2.880675682168415506e+02
4.553979187245017783e+02	2.880899556128661061e+02
4.561173190853314168e+02	2.881155399452799770e+02
4.568365986588430587e+02	2.881443207089170073e+02
4.575091028523742125e+02	2.891752090803396413e+02
4.582236600039123005e+02	2.892101638282442764e+02
4.589380547781375981e+02	2.892482933938708811e+02
4.598920810957903313e+02	2.852967919814725519e+02
4.605594616588400072e+02	2.863402988837035537e+02
4.612865857304890369e+02	2.863888360088214426e+02
4.620134869469300156e+02	2.864406036591723250e+02
4.627401509553970413e+02	2.864956008125967628e+02
4.634665634078080529e+02	2.865538263831683139e+02
4.643657917898411256e+02	2.846227826263516363e+02
4.651005101342914259e+02	2.846882502854556378e+02
4.653579745846232072e+02	2.897341813839954625e+02
4.660699704322056505e+02	2.898040073837424870e+02
4.667816489759823071e+02	2.898769964756877471e+02
4.676016483138469084e+02	2.889590673877114568e+02
4.683170662601414165e+02	2.890388708923126728e+02
4.690321225334100745e+02	2.891218525968387780e+02
4.698686968605371703e+02	2.882154677199823709e+02
4.704610935927465221e+02	2.892973439890029113e+02
4.713056899176780234e+02	2.883984295338323136e+02
4.718884486314829587e+02	2.894855277038642498e+02
4.726014849089156087e+02	2.895843745768135591e+02
4.736019030022727065e+02	2.877072084944272206e+02
4.740262045851843027e+02	2.897915685950615625e+02
4.750432655299261455e+02	2.879233673486593830e+02
4.754490266677894397e+02	2.900114159020646412e+02
4.764826501362722411e+02	2.881523270424940506e+02
4.778650179961527442e+02	2.843270065095880454e+02
4.787711609170853535e+02	2.834670594162128623e+02
4.788123903546622842e+02	2.875350925213368782e+02
4.795340251104661320e+02	2.876647254575446482e+02
4.800717126115385440e+02	2.887806087946954676e+02
4.807878004340333291e+02	2.889158252824501005e+02
4.815032803471182206e+02	2.890542223996824305e+02
4.822181382235424962e+02	2.891957974137220617e+02
4.831331670211936853e+02	2.883609167214015088e+02
4.826201408270512161e+02	2.943821140985929787e+02
4.849873538855116522e+02	2.867061389148692570e+02
4.859264591375781492e+02	2.858863517746439129e+02
4.849098570510623745e+02	2.938548691739816263e+02
4.856033494330104077e+02	2.940115340509082671e+02
4.860692879542257288e+02	2.951452084484462830e+02
4.876817405047400484e+02	2.914153650805557163e+02
4.869730622815829406e+02	2.974156211615285201e+02
4.878905254047774633e+02	2.966105998298777422e+02
4.885717431622830418e+02	2.967804822177577080e+02
4.892521993153447397e+02	2.969533899463681337e+02
4.901846138486928908e+02	2.961617836497333656e+02
4.908678032900044172e+02	2.963418643408377875e+02
4.918115077140577682e+02	2.955597273290503040e+02
4.927629648319103808e+02	2.947829621504623674e+02
4.937221454525947024e+02	2.940116222373533219e+02
4.944148542962071815e+02	2.942074433169328813e+02
4.951066861623323234e+02	2.944063405422545543e+02
4.949495231797153565e+02	2.974859338752119129e+02
4.956267816655054048e+02	2.976871745556261430e+02
4.965943539563602371e+02	2.969347649549728203e+02
4.969785825608238383e+02	2.980986741974387542e+02
4.976530982788552819e+02	2.983089250337193903e+02
4.986306144199453456e+02	2.975694802831840775e+02
4.993074653221548829e+02	2.977870772125293684e+02
4.999833426415902977e+02	2.980076796072467005e+02
5.003416190765039460e+02	2.991798375920640183e+02
5.016529489402742570e+02	2.975107450809290413e+02
5.023300309964577082e+02	2.977417724524885330e+02
5.030060797888866659e+02	2.979758061839689276e+02
5.033476590995114179e+02	2.991556190353703641e+02
5.043550242084360775e+02	2.984528741833078129e+02
5.046861050439364931e+02	2.996356760560420298e+02
5.050077542223079377e+02	3.008184093950658848e+02
5.056701054214312308e+02	3.010643113207356691e+02
5.063313574065649618e+02	3.013131540023333628e+02
5.066330600323842646e+02	3.024984864099070592e+02
5.076505115307759297e+02	3.018196419216100139e+02
5.079416682039586135e+02	3.030076087488118901e+02
5.085942626443550694e+02	3.032665260236631184e+02
5.096206729185211657e+02	3.026013047522376382e+02
5.102750562106203347e+02	3.028676867618586357e+02
5.109282493633349986e+02	3.031369739195080228e+02
5.115802394792752921e+02	3.034091609080734315e+02
5.126224037079803111e+02	3.027640174623243183e+02
5.132760343449543825e+02	3.030437361744109239e+02
5.139284155878124238e+02	3.033263565584056778e+02
5.145795345551961191e+02	3.036118730339300100e+02
5.152293783906703766e+02	3.039002799634210419e+02
5.158779342629782150e+02	3.041915716522438515e+02
5.156936244992150478e+02	3.063046705694436014e+02
5.163314917839686586e+02	3.065980014166004821e+02
5.182395945848854808e+02	3.041769643338526521e+02
5.188868912807388369e+02	3.044816293051778757e+02
5.199647087133073455e+02	3.038872369207191468e+02
5.201773913745347500e+02	3.050995730169667013e+02
5.208205692913733174e+02	3.054128395560456966e+02
5.192430212422826799e+02	3.102094280387951812e+02
5.203113455069445763e+02	3.096243799906726508e+02
5.209344159435071333e+02	3.099381970887368425e+02
5.211003145231984490e+02	3.111448766710343534e+02
5.217166207837905176e+02	3.114621845727529035e+02
5.232588380536817567e+02	3.100102052040062972e+02
5.234125689806357968e+02	3.112210580971903937e+02
5.226139563077593948e+02	3.141942072320373427e+02
5.236921309071283304e+02	3.136384590789373306e+02
5.238179936273428439e+02	3.148448897864620903e+02
5.287669259759019269e+02	3.072948095817577041e+02
5.259904371633100482e+02	3.137595747961382813e+02
5.261040825508648595e+02	3.149697492445076250e+02
5.281879242804160413e+02	3.127023361570928728e+02
5.287972399355866173e+02	3.130511227554836751e+02
5.309126895965321182e+02	3.108089921645250797e+02
5.310239915525828565e+02	3.120322037833213358e+02
5.316362569680489969e+02	3.123935991741420821e+02
5.322469104642449338e+02	3.127577116225232885e+02
5.328559399837321280e+02	3.131245339390138724e+02
5.329416876667560246e+02	3.143472210126519713e+02
5.335436472794966676e+02	3.147171149064337214e+02
5.341439573112797916e+02	3.150896799796341270e+02
5.342096335446929061e+02	3.163110415244829028e+02
5.337294004736181705e+02	3.183740622205165209e+02
5.364753424433608870e+02	3.153819657352571539e+02
5.348958525099402550e+02	3.191233625637850082e+02
5.376682767765798872e+02	3.161557873980910927e+02
5.388137917479149337e+02	3.157125828852234122e+02
5.388542870546104950e+02	3.169401800992617950e+02
5.400036955439564963e+02	3.165071732697566063e+02
5.405959876037004506e+02	3.169084261490977497e+02
5.406201151135842338e+02	3.181364541019742092e+02
5.406351290559914560e+02	3.193620522933563279e+02
5.412147291146050065e+02	3.197660827873582434e+02
5.412152166280350229e+02	3.209892087633726305e+02
5.412066465713085108e+02	3.222097514627332657e+02
5.411890419833622445e+02	3.234276545917055614e+02
5.446912943362607393e+02	3.197903276368316483e+02
5.458606839084808371e+02	3.194062433322391144e+02
5.464400360128199736e+02	3.198334933485346028e+02
5.470174838952087839e+02	3.202633135206432371e+02
5.481954421794993095e+02	3.198975206417164259e+02
5.481666214248036795e+02	3.211306303342827846e+02
5.487382883821290989e+02	3.215681098505223190e+02
5.493080057381906727e+02	3.220081252723302896e+02
5.480262110911762647e+02	3.248126925798459865e+02
5.485815180462633407e+02	3.252495118258278808e+02
5.485113886936799190e+02	3.264706257700513561e+02
5.496862815128232569e+02	3.261305312914189471e+02
5.496053029010870432e+02	3.273509737748289012e+02
5.514170281662057960e+02	3.262478832587700026e+02
5.526032113459630182e+02	3.259291290370875913e+02
5.537942172296022818e+02	3.256184882319959115e+02
5.537017762435140185e+02	3.268458624164817365e+02
5.542479926960297689e+02	3.273078811868973048e+02
5.554430336813613849e+02	3.270131444093667028e+02
5.553342396831549195e+02	3.282391772762205164e+02
5.552166447400409197e+02	3.294617999568268942e+02
5.564121673543811539e+02	3.291800900557231557e+02
5.596050776064830643e+02	3.266641699955896456e+02
5.601520431356652807e+02	3.271524221116324611e+02
5.613677235986019696e+02	3.269015428997366257e+02
5.612394385347384969e+02	3.281361935828520018e+02
5.590700324627318878e+02	3.315739554887582017e+02
5.595951864491830747e+02	3.320597816384554335e+02
5.601181764634052342e+02	3.325479365341998346e+02
5.613261908880732562e+02	3.323119410375364851e+02
5.604672032914795636e+02	3.342546026964401449e+02
5.637549427210074100e+02	3.318652760339267047e+02
5.635819342783626098e+02	3.330891612997934317e+02
5.641003108441155973e+02	3.335950213037423850e+02
5.639132661736169894e+02	3.348142031773938925e+02
5.651302950050743448e+02	3.346136265755588965e+02
5.649324228627122011e+02	3.358310980393227965e+02
5.654386021918961660e+02	3.363429319224662208e+02
5.695209744589841421e+02	3.333649423870555779e+02
5.700380669470380326e+02	3.338971900270350375e+02
5.698309162771108731e+02	3.351237557012415778e+02
5.696152494433678157e+02	3.363461742808412964e+02
5.701190937794766569e+02	3.368788114030032830e+02
5.676964314055859404e+02	3.401430474007665907e+02
5.689174816590325463e+02	3.399880344877265088e+02
5.686680813068011275e+02	3.411933527813560545e+02
5.698904609392258180e+02	3.410491974523364433e+02
5.711164501965264435e+02	3.409137703841940947e+02
5.745840320917984627e+02	3.387893038069190652e+02
5.758259351306741110e+02	3.386813849866457531e+02
5.748155398655842419e+02	3.405601489033232951e+02
5.753006078994407062e+02	3.411158521178100500e+02
5.757832018553331181e+02	3.416737052649702377e+02
5.755026898416992935e+02	3.428828919243138671e+02
5.767409294667246513e+02	3.427958172555252077e+02
5.756833207875205289e+02	3.446448725698591602e+02
5.761502296238345480e+02	3.452043914762940631e+02
5.789307692088389103e+02	3.438592597010124905e+02
5.794011368861827123e+02	3.444332165282875735e+02
5.798689495200458168e+02	3.450092577864134569e+02
5.811146421720461603e+02	3.449621467846171754e+02
5.800136579529151959e+02	3.467892992674578636e+02
5.796850253427141979e+02	3.479863038515927656e+02
5.793483375154667101e+02	3.491783377344684141e+02
5.790036322113811593e+02	3.503653530328395505e+02
5.802392307385396180e+02	3.503318366947927984e+02
5.822744929370908267e+02	3.497031480143294857e+02
5.835183712608111364e+02	3.496912539413425520e+02
5.839627789508825799e+02	3.502855383820532325e+02
5.819900886854089777e+02	3.526623583148950729e+02
5.816138622367948301e+02	3.538397625464974681e+02
5.828499151261514726e+02	3.538391969096849721e+02
5.832758978678330095e+02	3.544304700884066506e+02
5.836992490583386370e+02	3.550236303008146592e+02
5.849377649747502801e+02	3.550431698948461872e+02
5.861787310038903343e+02	3.550718523188719473e+02
5.865992035287989665e+02	3.556779050524334025e+02
5.870169788833979965e+02	3.562858201889038696e+02
5.866041449101089711e+02	3.574564556904267079e+02
5.886747931217212226e+02	3.569500040158634988e+02
5.882540397022689831e+02	3.581206197996339142e+02
5.894962513143996148e+02	3.581860801989705010e+02
5.907405945268396863e+02	3.582607769150419585e+02
5.903066920697766591e+02	3.594294078608465384e+02
5.898651994292696372e+02	3.605923605690730938e+02
5.911060513791059066e+02	3.606798888032648733e+02
5.906542410229910729e+02	3.618388720452924190e+02
5.935935986371048330e+02	3.608827826374384813e+02
5.939881768607297090e+02	3.615217262582320359e+02
5.935255930117149319e+02	3.626821659073269757e+02
5.939121762763783181e+02	3.633207895779120236e+02
5.934370137014052489e+02	3.644732609038384794e+02
5.929544675482367211e+02	3.656197878172842479e+02
5.933280030128461249e+02	3.662558446675257642e+02
6.006239474073187239e+02	3.628884251810513319e+02
6.010095440717861948e+02	3.635585886323502223e+02
6.005220891522692455e+02	3.647233872785961353e+02
6.000272814596739863e+02	3.658821373439638478e+02
5.995251651664279962e+02	3.670347965593259687e+02
5.998923481143524441e+02	3.677000365931685337e+02
6.002565714169750208e+02	3.683669016512574217e+02
6.006178278826560017e+02	3.690353785662490509e+02
6.009761103783361023e+02	3.697054541389736642e+02
6.013314118296775632e+02	3.703771151386957854e+02
6.007966858924248754e+02	3.715120421729462805e+02
6.011439614701426990e+02	3.721828880572400635e+02
6.005971453205181660e+02	3.733090629780106724e+02
6.027226677679414024e+02	3.730793477026942924e+02
6.021678549185533029e+02	3.742045916332255047e+02
6.034002298775563986e+02	3.744396302714653757e+02
6.046335028922705987e+02	3.746841332568882876e+02
6.049666452792160953e+02	3.753719968717800839e+02
6.052967278281553263e+02	3.760613340269933360e+02
6.047189548121344842e+02	3.771779908143103057e+02
6.104810504083418436e+02	3.753351993250150258e+02
6.099027039367293810e+02	3.764668423517480278e+02
6.047655589208559377e+02	3.796606669642436032e+02
6.050765865807519504e+02	3.803490682441179160e+02
6.062985790096695382e+02	3.806331909371775168e+02
6.102685512577894542e+02	3.797220413093172624e+02
6.096616561447235654e+02	3.808324096333835769e+02
6.099674287829092236e+02	3.815425553457852743e+02
6.102700428419211676e+02	3.822540527599711595e+02
6.133379318698201814e+02	3.818111445140045248e+02
6.136393191667697238e+02	3.825376162395956499e+02
6.130112749566682169e+02	3.836424515446697114e+02
6.133045279937221039e+02	3.843674536777094204e+02
6.126650420342039070e+02	3.854625372360309825e+02
6.129502108670903908e+02	3.861859829005354072e+02
6.132321622253555233e+02	3.869106885817002990e+02
6.144452384877836266e+02	3.872802779127972599e+02
6.137863903129853043e+02	3.883638227317557607e+02
6.159336121687424566e+02	3.883961336226909680e+02
6.162057131814839295e+02	3.891340743450467698e+02
6.202366687655679698e+02	3.885144195147975665e+02
6.195661674245981203e+02	3.896069965564456083e+02
6.207763679023646546e+02	3.900297393195912150e+02
6.210411621134786628e+02	3.907891828896887887e+02
6.203561560040996028e+02	3.918727248917782617e+02
6.206127649848873489e+02	3.926302830387703011e+02
6.170689828552357312e+02	3.946469967597336108e+02
6.173132967026776896e+02	3.953899208343210034e+02
6.166022938182277358e+02	3.964399804471196944e+02
6.216054635103785131e+02	3.956716934426615353e+02
6.218451792910746008e+02	3.964347654311267206e+02
6.230375103090067341e+02	3.969055556007940027e+02
6.261436363510983938e+02	3.968077132188134328e+02
6.196682169033925902e+02	3.995847624936337183e+02
6.208503976279524750e+02	4.000586180570608121e+02
6.201095564505742459e+02	4.010945933031032382e+02
6.203251901308374272e+02	4.018509646317387478e+02
6.215009491951100244e+02	4.023405368769614938e+02
6.207463640162072807e+02	4.033665444638202757e+02
6.267468754273861578e+02	4.025706628060644903e+02
6.259889125603122011e+02	4.036113951940909601e+02
6.271613997687062465e+02	4.041432836762959369e+02
6.273634168535388653e+02	4.049309600497438169e+02
6.275619318729893621e+02	4.057195263176660660e+02
6.306709891189468635e+02	4.057959991541333693e+02
6.308656276488666208e+02	4.065992542093858333e+02
6.310566949617640375e+02	4.074033662184118612e+02
6.312441872849882429e+02	4.082083193039081266e+02
6.314281009164773195e+02	4.090140975719636458e+02
6.306320428042672575e+02	4.100367029343506147e+02
6.308078379846006101e+02	4.108397430634780108e+02
6.309800630889764079e+02	4.116435564173356738e+02
6.321278969584984679e+02	4.122451440278928771e+02
6.322938640760229418e+02	4.130548092408164962e+02
6.324562317757977326e+02	4.138652039416801358e+02
6.316331957935067294e+02	4.148662244295083497e+02
6.317875209211188121e+02	4.156736655415436985e+02
6.329217066646286867e+02	4.163006048882249388e+02
6.350381361554921114e+02	4.167601418760310139e+02
6.341989906306375815e+02	4.177551267539429318e+02
6.353262313022020180e+02	4.184058867615704571e+02
6.354647913412325124e+02	4.192297030766184207e+02
6.385613865226250709e+02	4.195762672792245667e+02
6.386947139904846154e+02	4.204144475791099467e+02
6.338812707424882547e+02	4.220057457658232920e+02
6.340038489318802704e+02	4.228231058019169950e+02
6.341227939396331976e+02	4.236410024495740458e+02
6.401812680435215270e+02	4.236355298676758139e+02
6.353409029107152719e+02	4.251454288260526937e+02
6.404080585766874947e+02	4.253267102100928696e+02
6.395235456213857788e+02	4.262971382508674765e+02
6.386341876218857578e+02	4.272592159275184258e+02
6.387333748864271001e+02	4.280976438715067047e+02
6.378349996074217643e+02	4.290473647843553522e+02
6.379262490522072540e+02	4.298822238513351977e+02
6.380137878670167311e+02	4.307174801466084659e+02
6.390928397959946778e+02	4.314555146233093410e+02
6.391733761141135801e+02	4.322959391780264582e+02
6.402462307416511749e+02	4.330479591613752746e+02
6.413161176958815304e+02	4.338091658715309222e+02
6.423829765097117388e+02	4.345795476958775794e+02
6.474353394777649555e+02	4.350572182877584737e+02
6.415149470274345731e+02	4.363608994035924979e+02
6.455647801245968367e+02	4.369456223887128203e+02
6.456208570381844538e+02	4.378147510634298669e+02
6.446747393937979496e+02	4.387418544174957447e+02
6.447228434666867543e+02	4.396070104277835071e+02
6.447671027098957666e+02	4.404723716490986476e+02
6.448075162495200630e+02	4.413379209947633512e+02
6.488408849960520683e+02	4.420437160692441125e+02
6.488742759862254843e+02	4.429273519135622905e+02
6.459051913292296376e+02	4.439044269951120327e+02
6.459303431600395697e+02	4.447749995991263177e+02
6.479511327099294249e+02	4.456012434875373742e+02
6.479687244711996073e+02	4.464808905606296889e+02
6.479824073124171946e+02	4.473606071190284865e+02
6.479921809634126930e+02	4.482403757926075514e+02
6.479980452312038324e+02	4.491201792102118020e+02
